0 0.32768312096595764 0.39205633401870726 0.08175268024206161 0.08310384154319764
0 0.23263011872768402 0.39073939323425294 0.08952496945858002 0.08618324398994445
0 0.42670631408691406 0.4074062705039978 0.08453445136547089 0.07912746071815491
0 0.5004992485046387 0.40813257694244387 0.07323970645666122 0.08012606501579285
0 0.5729590654373169 0.4053869843482971 0.07374216616153717 0.08462628722190857
0 0.6819021701812744 0.42939831018447877 0.0858621597290039 0.08779093027114868
0 0.6275395750999451 0.39126460552215575 0.05814685672521591 0.07312596440315247
0 0.556505560874939 0.2632754802703857 0.03518848493695259 0.03154666423797607
0 0.5485626459121704 0.2592883586883545 0.027370134368538857 0.03213492631912231
0 0.6766725778579712 0.3017580211162567 0.03395729139447212 0.019404873251914978
