0 0.2483302801847458 0.3818292021751404 0.08146724849939346 0.07724785804748535
0 0.33324846625328064 0.38057178258895874 0.07295207679271698 0.07670888304710388
0 0.4219299554824829 0.40324935913085935 0.07605762779712677 0.07502914667129516
0 0.659771203994751 0.40187567472457886 0.08260440826416016 0.08072328567504883
0 0.4940475821495056 0.40192375183105467 0.07247009128332138 0.0724357783794403
0 0.5742183923721313 0.3910693287849426 0.07876606285572052 0.07652626633644104
0 0.5568117499351501 0.2722643971443176 0.03296031802892685 0.02850019633769989
0 0.6759014129638672 0.3022276312112808 0.02703787572681904 0.021458469331264496
0 0.613125205039978 0.375684118270874 0.042159270495176315 0.06710190773010254
0 0.6151842474937439 0.3542970657348633 0.0352465957403183 0.02947680950164795
