0 0.6993569731712341 0.43394317626953127 0.09906406700611115 0.09345077276229859
0 0.22621749341487885 0.4032732367515564 0.09892550855875015 0.09092041254043579
0 0.3241947293281555 0.41190441846847536 0.08869542926549911 0.09101008176803589
0 0.41740989685058594 0.43458616733551025 0.08905982971191406 0.0846875011920929
0 0.5120118856430054 0.4298501253128052 0.07892204821109772 0.08569883108139038
0 0.5853073000907898 0.42345658540725706 0.0806821808218956 0.0911440372467041
0 0.6467454433441162 0.3999202728271484 0.06273327022790909 0.08038780689239503
0 0.5565701723098755 0.2684930980205536 0.027701759710907936 0.029226431250572206
0 0.6783367395401001 0.3055554986000061 0.030821673572063446 0.022304144501686097
0 0.5676829218864441 0.27203739881515504 0.024574851617217064 0.028812119364738466
