0 0.6218149662017822 0.46079846620559695 0.10020427405834198 0.10262410640716553
0 0.30966511368751526 0.4447318553924561 0.09451045840978622 0.10389505624771118
0 0.5243126153945923 0.4636673927307129 0.10086631774902344 0.09848883748054504
0 0.427335262298584 0.46255251169204714 0.10429229587316513 0.09978099465370179
0 0.19351240992546082 0.4425915598869324 0.11405257880687714 0.1106480598449707
0 0.7371686100959778 0.48502042293548586 0.10959567874670029 0.10835163593292237
0 0.6805211305618286 0.42491401433944703 0.07365080714225769 0.09035279750823974
0 0.5584985017776489 0.2717178165912628 0.03253987804055214 0.029071897268295288
0 0.722732424736023 0.2628503978252411 0.01900920830667019 0.017855185270309448
0 0.666244626045227 0.3066281259059906 0.03586750105023384 0.029866790771484374
